
Signal 1: 122 70; 0 24; 0 10; 0 10; 0 17
Signal 2: 135 86; 0 35; 0 14; 0 10; 0 20
Signal 3: 138 89; 0 37; 0 13; 0 13; 0 13
Signal 4: 131 84; 0 36; 1 7; 1 6; 0 19
Signal 5: 143 92; 0 36; 0 11; 0 11; 1 19
Signal 6: 154 108; 0 47; 1 25; 1 25; 1 25
Signal 7: 162 116; 0 51; 1 3; 1 3; 1 25
Signal 8: 165 121; 0 55; 2 12; 2 12; 1 28
Signal 9: 164 125; 0 59; 2 16; 2 15; 1 36
Signal 10: 160 122; 0 57; 1 40; 1 40; 1 40
Signal 11: 164 124; 0 58; 1 25; 1 24; 0 32
Signal 12: 173 136; 0 63; 1 15; 1 17; 0 24
Signal 13: 193 169; 0 87; 1 42; 1 42; 1 46
Signal 14: 201 188; 0 101; 1 33; 1 29; 1 46
Signal 15: 208 202; 0 110; 1 47; 1 49; 0 52
Signal 16: 211 213; 0 117; 2 45; 2 45; 3 54
Signal 17: 208 206; 0 111; 2 36; 2 36; 2 51
Signal 18: 208 197; 0 101; 1 24; 1 24; 1 40
Signal 19: 206 198; 0 97; 1 15; 1 21; 2 46
Signal 20: 212 212; 0 107; 0 30; 1 30; 3 53
Signal 21: 211 209; 0 108; 1 49; 1 49; 1 49
Signal 22: 219 225; 0 115; 2 33; 2 39; 1 60
Signal 23: 229 253; 0 135; 1 37; 1 38; 0 63
Signal 24: 228 257; 0 138; 0 31; 0 33; 4 67
Signal 25: 236 284; 0 161; 0 53; 0 55; 3 70
Signal 26: 242 306; 0 185; 1 65; 1 77; 2 85
Signal 27: 238 295; 0 181; 5 68; 5 67; 5 78
Signal 28: 236 294; 0 180; 2 81; 2 80; 3 78
Signal 29: 235 290; 0 181; 1 22; 2 26; 4 68
Signal 30: 236 294; 0 183; 1 49; 1 49; 4 67
Signal 31: 244 320; 0 201; 2 49; 2 44; 5 92
Signal 32: 242 319; 0 198; 1 63; 1 60; 6 91
Signal 33: 225 263; 0 153; 0 31; 0 34; 2 73
Signal 34: 228 263; 0 151; 0 39; 0 37; 1 66
Signal 35: 233 285; 0 169; 3 67; 3 68; 5 74
Signal 36: 222 250; 0 139; 1 35; 1 41; 6 57
Signal 37: 215 230; 0 127; 1 39; 2 51; 6 61
Signal 38: 215 226; 0 124; 3 24; 3 23; 6 57
Signal 39: 211 218; 0 120; 2 47; 2 38; 7 57
Signal 40: 212 218; 0 123; 3 43; 3 44; 3 59
Signal 41: 213 221; 0 127; 3 54; 3 53; 3 58
Signal 42: 200 194; 0 106; 0 33; 0 32; 1 39
Signal 43: 192 178; 0 92; 1 40; 1 40; 1 40
Signal 44: 181 163; 0 83; 0 34; 0 34; 0 36
Signal 45: 177 147; 0 69; 0 26; 1 26; 0 31
Signal 46: 164 121; 0 51; 1 16; 1 15; 1 26
Signal 47: 162 118; 0 49; 1 19; 1 19; 1 20
Signal 48: 148 104; 0 44; 0 19; 0 19; 0 19
Signal 49: 139 88; 0 32; 0 8; 0 8; 0 19
Signal 50: 138 86; 0 32; 0 10; 0 10; 0 16
Number of infected people: 88.62000, 23.55271
COMP: [0.99995,0.00000] & [0.00000,0.00000] & [102.92000,51.48483] & [1.00000,0.00000] & [0.88565,0.05931]
COMP SQRT OVERLAPPING GROUP LASSO: [0.08185,0.01894] & [1.10000,1.05463] & [32.94000,18.16861] & [0.98796,0.01076] & [0.96346,0.02071]
COMP SQRT GROUP LASSO: [0.08251,0.01974] & [1.18000,1.04374] & [33.42000,18.63734] & [0.98714,0.01053] & [0.96291,0.02126]
COMP LASSO: [0.10384,0.03124] & [2.00000,2.03038] & [47.24000,21.67624] & [0.98028,0.01840] & [0.94757,0.02507]